64.0157
-0.251324
11.6711
-4.60296
-0.244247
-3.54218
0.56105
-4.69857
9.59524
7.04184
-4.5831
-0.820798
-2.80179
-0.089694
-0.0907002
-0.259356
-3.35976
-89.1432
-0.171437
0.905021
0.804102
14.3126
1.4221
-0.150439
33.4345
0.250481
0.528789
40.226
-1.55813
1.3065
-4.32231
-0.785497
-0.0240502
0.688169
2.87507
-0.0922356
-0.610839
0.331475
0.765483
1.19864
2.40849
-1.06086
0.872832
-0.142597
0.0362408
0.327814
1.16447
0.985641
-0.330687
1.20824
2.29321
-1.00547
0.0792084
0.696558
-0.143361
1.15641
0.517061
2.56506
24.2643
-0.720585
0.971348
1.92487
0.117685
0.698755
1.43873
1.75206
-0.180123
-0.0907473
0.0353539
-0.639284
2.72918
0.253254
-0.741571
-3.08195
-19.2802
4.0927
-0.773302
-21.8207
0.0596388
-0.505724
0.766666
0.0673326
-0.0874334
0.431193
0.993253
-0.0668485
0.244245
-0.105048
0.225919
0.312543
0.458554
2.14053
-0.0339633
0.158227
-0.135973
-0.496297
0.572763
0.221061
-0.187353
0.920291
0.16166
0.708189
0.227451
-0.0746231
1.54274
-0.247961
-0.381873
0.202968
-0.0165301
0.711628
-0.216553
2.69975
-0.0558634
0.0970359
-1.43863
3.53913
-0.0663669
-0.139391
0.0582732
0.467111
0.00747614
-0.0331836
0.130518
-0.193471
0.131076
-0.052154
-0.114159
-0.0835376
0.446493
0.435218
-0.222377
0.490947
0.0430584
0.0138462
-0.00591769
0.0386746
0.193565
-0.0454015
0.26176
0.401772
0.173736
-0.305028
-0.00411822
-0.0870112
-0.0719832
0.104088
0.219459
-0.325591
0.650563
0.707048
20.6058
1.51663
2.17281
9.63203
0.118309
-0.0671172
-0.138559
8.30145
0.0507481
-0.0702082
14.3209
1.75542
-0.160086
-0.130588
0.0994079
-0.148478
0.326032
-0.820945
-0.127534
0.00923684
0.081401
0.718029
1.977
-1.13561
3.90572
0.715166
-0.5841
7.80695
0.0695337
9.0897
-0.163761
-0.212172
1.33493
0.0824498
-0.214344
1.61979
-0.419943
-0.0581522
-0.368591
0.213277
6.10717
0.239759
-1.03184
3.41232
0.0708552
2.32892
-0.731359
0.214608
-0.231775
-0.128179
-0.552202
-0.251471
4.10475
0.135604
0.192424
-0.330092
-1.19801
5.42694
0.44136
13.0559
0.0528771
-0.295543
-0.633498
-0.0520847
-0.017606
-0.589083
4.91752
-0.8286
-0.0114669
-0.171521
-0.11073
-0.595377
21.9154
-0.301746
0.323838
-0.940645
4.48449
0.0478572
-0.000218155
-1.06298
0.428248
-0.144256
0.295284
0.371427
1.13818
3.20978
-0.693756
0.0801344
-1.02057
-0.0596707
-0.493506
0.0847318
-0.274679
4.9742
0.169366
4.85415
-0.131698
-0.632569
0.0968777
-0.236437
0.27138
6.17401
2.07479
0.993151
-0.00563424
-0.628385
-1.12741
0.0915724
-0.0651048
0.141517
0.0164585
-0.557207
-0.068267
-0.835879
-0.0877158
0.237498
-0.549026
0.286054
-0.239191
-0.0570626
2.21869
3.83434
0.0592897
-1.02378
1.78957
-0.0583679
2.08091
-0.0299785
-1.19899
0.299524
0.150031
-0.261687
4.89107
-0.0814409
4.75208
-0.0200679
0.0706534
-0.513291
-0.115944
-0.836129
0.0987233
-0.358244
0.0204266
-0.171843
-0.476427
-0.0893151
0.0970105
3.23459
-0.0177972
-1.89443
6.06576
-0.415177
-0.259969
-0.140821
0.168772
0.12969
-0.0167297
-0.42796
-0.108047
-0.198607
0.0244704
-0.104841
-0.0233887
-0.012545
0.25004
1.55237
16.9181
-0.160082
-0.0816233
0.230859
-0.166759
-0.0339528
-0.352392
1.07812
-0.153997
6.69817
-0.129166
0.0737066
-0.194353
0.159493
-0.0228155
-0.0732282
-0.421521
-0.297503
-0.777514
-0.671713
0.714823
-0.0200468
0.295332
-0.0629027
-0.0240285
0.913299
-0.88775
-0.225495
0.280581
0.0115391
-0.480115
-0.106998
-0.0481982
0.064994
-0.695972
-0.252939
0.114293
0.937241
-0.469699
0.0583096
0.119061
0.42899
-0.420089
-0.035006
0.00948603
-0.791138
-0.136727
-0.343348
0.0296504
6.94266
-0.0920609
-3.82849
3.86851
-0.116704
-0.239923
-0.293219
-0.115454
-0.141293
0.00159238
-1.14574
-0.363911
1.23166
0.0196381
-0.115094
-0.00102438
-1.29989
-0.0158852
0.96416
-0.0280687
-0.17164
0.0520885
-0.239618
-0.134876
0.181743
-0.438329
2.18667
0.938249
0.41919
-0.184052
-0.0452727
0.0101222
-0.121484
0.671722
-0.265107
0.0373714
0.035544
0.0845846
0.0091329
1.52743
-0.00144152
-0.250552
1.31357
0.0477243
0.232918
-0.234978
1.00256
0.182519
1.54659
-4.63158
-0.0735416
-0.14199
0.78968
-0.470753
0.0428481
2.6881
-0.0807155
-0.855322
-0.151353
-0.28351
0.00700761
1.07336
-0.395902
0.167835
6.50411
0.0757409
7.22325
0.106813
0.62998
0.226359
-0.218416
-0.17282
-0.230418
-0.0732343
1.04335
-0.510162
-0.0764462
-0.308429
6.67235
0.91655
0.00221735
-0.216082
0.0419518
4.40498
-0.148389
7.17086
-0.10257
-0.647221
-0.00535613
0.2549
-0.122116
0.188893
0.193655
-0.742298
0.0109025
0.169504
-0.0432289
0.00224326
-0.0806214
0.00896935
1.98329
-0.128398
-0.457066
2.2541
0.339642
-0.461927
1.76214
-0.0543993
-0.381317
1.78731
0.04245
0.674015
-0.0359147
-0.544828
2.39214
-0.00693157
1.8873
5.96271
-0.141114
0.946914
-0.0127383
1.50737
-0.0460579
0.192441
-1.8153
0.160424
-0.154674
-0.142844
0.041938
0.0609217
0.342349
-0.0437511
0.0375043
-0.578812
-0.0959177
0.150842
1.5731
-0.83222
-1.76274
-0.13347
-1.2065
1.72966
-0.126633
0.0959508
-0.059348
0.771213
-0.0791438
0.174887
3.75617
2.86048
-0.14394
-0.0684082
1.15875
-0.0307092
-0.198087
0.160392
0.0191969
0.155281
-1.63867
-0.0659801
-0.352634
-0.132433
1.39631
-1.815
-1.52209
-0.152621
0.153314
5.16946
0.113678
-0.503695
0.0156762
0.112772
-0.0322732
2.19262
-0.779101
2.30769
-0.653276
0.087648
-0.62356
1.89041
0.0923308
-0.482908
0.044369
-0.104138
2.53696
-0.541595
-0.102436
0.0961061
2.72866
0.16356
-0.0834104
-0.064463
-0.657414
-0.0307412
0.124647
0.107291
-0.00305571
-0.139486
-0.07531
0.0745773
0.405507
0.0781388
0.92677
-0.634541
0.0351597
0.418815
0.109935
-0.228378
4.27582
0.15471
-0.274288
0.0527435
2.80975
0.222585
-0.305613
0.206421
0.42278
1.92855
0.108614
-0.331042
-2.13975
0.0480175
-0.151418
0.0290225
-0.0549572
0.00479879
1.11766
0.0149939
0.214353
1.41398
-0.0468287
0.340122
-0.0535573
-0.58201
-0.120752
-0.248569
-0.00417379
0.0437799
-0.126805
-0.0619537
-0.167199
0.251646
-0.103233
0.168459
-0.0234884
-1.6157
-0.309465
-0.0101285
0.073458
-0.0383322
0.530308
0.194029
-0.323607
-0.170123
0.00558414
0.440544
5.16417
0.0470446
0.6342
0.298255
-0.208778
-0.0801341
-0.577825
0.00997361
-1.23312
-0.269513
0.0991677
-0.524349
6.89442
0.133493
-0.386104
0.326296
7.66678
-0.818676
4.40649
-0.139638
-0.182463
0.0173397
0.00869603
0.140471
-0.644213
-2.06336
-0.0291357
-0.192759
0.852332
0.278971
1.04965
0.101837
-0.0120891
0.110512
0.0994525
-0.0086835
-1.22568
-0.107332
1.77741
0.550304
-1.25753
-0.122462
-0.19276
0.479812
0.000911718
-0.161304
0.378656
6.65055
0.116942
6.42388
0.120955
3.85669
-0.0796845
-0.259692
1.30394
-0.0385844
-0.121299
-0.0387509
1.17163
3.9986
0.0303601
4.40261
-0.0815074
3.39953
0.182453
0.0292415
0.158004
2.84545
3.34914
5.94047
-0.563826
0.299695
-0.156544
-0.284327
2.40968
-0.133268
0.0393104
-0.091073
0.188052
-0.165754
4.40317
-0.274864
3.24719
0.0548313
-0.116064
3.17799
-0.169002
-0.157706
5.21548
-0.268391
5.21786
-0.102061
6.7336
-0.0974264
-0.0848757
-0.114621
0.0475074
0.252294
0.224053
-0.269936
5.23811
0.0639416
0.175551
0.388049
0.0294031
4.25281
2.99199
0.0284728
0.031739
0.030838
4.9907
0.0357561
0.0576425
-0.120229
2.61617
0.580006
2.25115
5.05079
-0.0369763
0.599587
0.247348
2.63863
-0.117678
5.69694
5.19735
0.380998
0.0150908
4.27689
-0.177775
0.21135
0.0214415
0.141878
-0.016091
-0.753786
-0.0614435
2.05116
-0.170445
-0.158895
-0.0933743
0.0506149
0.0366557
-0.269217
4.74743
0.145615
0.0834203
-0.148014
-0.20498
-0.157691
0.261811
0.0127697
2.28381
-0.211258
0.0619126
-0.330984
0.126648
-0.269598
-0.0901655
-0.313104
0.0149176
0.231932
0.0504841
-0.0232685
-0.0473032
-0.157997
0.00994838
-0.0326194
3.15877
-0.185079
-0.0744299
0.52949
3.37364
0.250933
-0.108465
-0.0685142
6.54688
-0.168625
7.50459
-0.0413958
1.50945
2.63874
0.119532
2.27287
0.0110076
0.14887
-0.192755
-0.0663327
0.0388145
-0.162648
0.970449
0.137628
-0.00916869
-0.105882
0.0656236
0.0180641
0.073304
-0.66433
4.4201
0.0460373
0.0289411
0.00363803
-0.45251
-0.0696689
0.0212686
0.000811783
0.1387
0.645495
0.55853
2.58645
0.100367
-0.109381
0.0643026
-0.0479918
4.15985
0.0263372
-0.098627
0.0217662
-0.100515
3.53984
-0.0306475
2.65466
-0.0374877
0.0879238
0.308466
-0.151516
0.0089935
3.98264
-0.0744255
0.243048
0.37727
0.0817947
-0.208755
-0.111087
0.219028
-0.165581
0.0345198
0.103725
-0.634006
3.73248
0.0189
4.3442
0.0834026
0.448774
-0.0258186
3.91627
0.10097
-0.172561
-0.217068
0.0447039
-0.289547
0.14883
0.14162
0.693489
-0.101806
-0.0772811
5.66844
0.115508
-0.16309
3.81841
0.0702146
2.62399
-0.740901
0.0124829
0.02127
-0.19895
0.136699
0.0521254
0.151733
3.74206
-0.055806
0.0453628
1.2192
-0.157673
5.77346
-0.0283674
-0.0157642
4.96
-0.912089
0.437765
0.141048
-0.0377695
4.61991
0.63116
0.310465
5.35729
0.122324
0.119196
3.60193
0.397103
1.91137
0.954909
-0.146261
0.189767
3.62185
-0.0949014
0.7638
0.105165
0.00969057
0.21824
-0.114068
0.127733
0.0877343
0.101404
5.38291
-0.0249951
0.128615
5.30189
0.670163
-0.183146
0.531305
0.00369156
1.6239
-0.51028
-0.823994
-0.00998505
-0.0630368
3.34805
0.218073
0.0084228
-0.0408753
2.17106
-0.0753672
1.86563
0.216871
6.07215
1.99196
-0.142129
4.63895
8.09284
-0.119306
4.33983
0.821706
5.51377
0.0531572
2.32236
0.203466
0.225076
1.38486
3.79731
-0.0565495
-0.0318377
-0.130695
-0.712689
0.317045
0.29188
-0.0384206
-0.155658
2.21586
0.456726
0.696068
3.58862
-0.199857
0.472574
0.223391
2.70122
0.234714
0.0112794
-0.0961605
0.589611
-0.0269766
-0.127155
0.155918
-0.456308
1.11105
1.26322
-0.171166
1.38351
-0.272773
-0.0765833
0.329424
0.0294034
0.161016
0.184342
0.643849
0.00406184
0.0012895
0.103113
-0.683561
2.13389
0.174294
0.108906
9.99863
0.193718
0.0919523
2.12399
2.88654
0.314565
0.0473256
-0.0591807
0.00355796
3.42296
1.88366
-0.140966
0.67316
2.57085
5.07067
-0.109146
3.5385
3.36555
0.0961469
-0.169449
-0.00601135
0.195566
-0.0814164
0.0894335
6.81253
-0.00805606
0.0363152
2.98455
0.18065
1.93823
3.99289
0.0790249
-0.070358
7.10225
-0.162441
0.13886
2.28687
-0.0567864
0.00848004
5.96916
0.114352
-0.212877
3.67176
-0.596648
0.76059
0.022214
-0.271092
-0.123019
4.4846
0.814917
-0.237085
6.47104
-0.133008
-0.169882
3.79796
-0.206461
-0.493034
3.89008
-0.0829485
0.0238343
0.216039
4.14996
7.51021
0.0782953
0.481176
0.236543
1.26903
0.0411795
5.22449
-0.431568
-0.225005
2.65139
0.104974
2.22975
-0.20037
0.0207755
2.74528
0.0621515
0.0958949
-0.142141
3.27214
0.0976623
2.19603
-0.146485
4.71569
-0.0880021
-0.00598225
0.922893
2.69738
-0.810977
-0.0122536
2.834
0.0289684
0.313837
4.34678
2.91245
5.32527
-0.278275
6.11509
0.0830869
-1.47238
5.84835
-0.804016
0.583271
-1.42678
-0.029945
-0.783786
-2.33206
-6.05258
19.5624
-0.140815
-0.0960992
0.143124
-0.340238
6.00791
-0.109988
5.91302
0.027446
4.19911
0.796957
-42.1906
-0.0441522
-0.00485604
1.92191
-42.6421
0.944805
-60.2385
-2.64949
10.2149
1.64921
65.2828
-0.556138
19.4849
7.60324
0.0629394
-0.590812
-0.27633
0.209174
12.7337
-0.07696
7.3216
-33.5288
-0.219856
-2.46156
-0.995077
0.126147
0.215258
0.172016
1.08017
11.9026
1.29523
-10.0222
-55.2236
5.30099
-3.31727
7.31296
-88.5102
1.96191
-1.01222
-2.46612
6.43603
2.26891
-48.229
0.0516664
-0.0575586
1.18822
